20
40
20
20
40
20
80
20
20
20
40
20
20
20
40
40
20
20
40
20
20
20
20
20
20
20
20
80
20
20
20
60
20
40
60
20
20
20
40
120
20
60
60
20
20
20
20
140
20
20
20
60
120
20
20
20
20
20
200
20
20
300
20
20
40
20
140
20
680
20
20
40
20
20
20
40
20
40
40
180
20
20
80
20
20
20
40
20
40
20
20
20
40
40
20
40
20
20
400
60
40
20
20
40
140
20
20
20
80
20
40
20
40
20
20
120
20
40
20
20
20
80
20
60
40
20
20
20
60
20
20
20
20
20
40
20
20
20
20
20
20
20
20
20
40
20
20
40
20
20
20
20
200
20
20
20
20
80
80
20
20
960
20
20
100
20
20
20
20
140
20
40
20
20
20
20
20
20
40
20
20
40
20
20
20
60
20
20
20
20
20
60
300
20
20
20
20
20
20
40
20
20
20
20
20
40
40
20
40
40
20
20
740
40
80
20
20
80
20
20
40
20
20
20
20
100
20
60
40
20
20
20
140
20
20
20
20
20
20
40
20
20
20
20
120
40
20
20
20
20
20
20
20
40
20
20
20
40
20
20
20
20
20
20
20
20
20
40
60
20
20
20
40
20
40
20
20
20
20
20
20
20
80
20
40
60
20
20
20
20
20
20
20
20
20
20
60
118
381
996
577
862
436
707
596
1506
795
842
499
473
491
877
495
815
2843
1224
529
1542
500
160
328
180
520
674
2151
836
571
1189
141
784
1141
236
12804
9278
6863
10437
20096
8715
8949
6743
5768
11295
5754
8338
6694
9814
9260
12271
6608
